{
 "cells": [
  {
   "cell_type": "code",
   "execution_count": 1,
   "metadata": {},
   "outputs": [
    {
     "ename": "SyntaxError",
     "evalue": "invalid syntax (<ipython-input-1-338b7abbd642>, line 1)",
     "output_type": "error",
     "traceback": [
      "\u001b[1;36m  File \u001b[1;32m\"<ipython-input-1-338b7abbd642>\"\u001b[1;36m, line \u001b[1;32m1\u001b[0m\n\u001b[1;33m    X: [[0.85794562 0.84725174]\u001b[0m\n\u001b[1;37m                             ^\u001b[0m\n\u001b[1;31mSyntaxError\u001b[0m\u001b[1;31m:\u001b[0m invalid syntax\n"
     ]
    }
   ],
   "source": [
    "# E step\n",
    "X: [[0.85794562 0.84725174]\n",
    " [0.6235637  0.38438171]\n",
    " [0.29753461 0.05671298]\n",
    " [0.27265629 0.47766512]\n",
    " [0.81216873 0.47997717]\n",
    " [0.3927848  0.83607876]\n",
    " [0.33739616 0.64817187]\n",
    " [0.36824154 0.95715516]\n",
    " [0.14035078 0.87008726]\n",
    " [0.47360805 0.80091075]\n",
    " [0.52047748 0.67887953]\n",
    " [0.72063265 0.58201979]\n",
    " [0.53737323 0.75861562]\n",
    " [0.10590761 0.47360042]\n",
    " [0.18633234 0.73691818]]\n",
    "K: 6\n",
    "Mu: [[0.6235637  0.38438171]\n",
    " [0.3927848  0.83607876]\n",
    " [0.81216873 0.47997717]\n",
    " [0.14035078 0.87008726]\n",
    " [0.36824154 0.95715516]\n",
    " [0.10590761 0.47360042]]\n",
    "Var: [0.10038354 0.07227467 0.13240693 0.12411825 0.10497521 0.12220856]\n",
    "P: [0.1680912  0.15835331 0.21384187 0.14223565 0.14295074 0.17452722]\n",
    "Output:\n",
    "post:[[0.17354324 0.19408461 0.38136556 0.0569083  0.16250611 0.03159219]\n",
    " [0.39379907 0.08689908 0.32081103 0.04067548 0.04920547 0.10860986]\n",
    " [0.35788286 0.01907566 0.18709725 0.04472511 0.01732312 0.37389601]\n",
    " [0.19268431 0.18091751 0.11938917 0.12743323 0.09677628 0.28279951]\n",
    " [0.36304946 0.07311615 0.43750366 0.02729566 0.04877955 0.05025552]\n",
    " [0.07858663 0.37039817 0.08705556 0.14917384 0.21407078 0.10071502]\n",
    " [0.13662023 0.29150288 0.10750309 0.13944117 0.14926196 0.17567066]\n",
    " [0.04532867 0.37841271 0.06233585 0.17307275 0.2613835  0.07946652]\n",
    " [0.03479877 0.30116079 0.03560306 0.24675099 0.22083886 0.16084754]\n",
    " [0.1084787  0.35703165 0.12209296 0.12356811 0.19771701 0.09111156]\n",
    " [0.18151437 0.29042408 0.1775779  0.09728296 0.14845737 0.10474333]\n",
    " [0.30076285 0.15240546 0.34401968 0.04831719 0.08817504 0.06631978]\n",
    " [0.14424702 0.32662602 0.16265301 0.10373169 0.17686354 0.08587872]\n",
    " [0.12020157 0.14175102 0.06966009 0.17178204 0.09140514 0.40520014]\n",
    " [0.06707408 0.29382796 0.05528713 0.20393925 0.17797873 0.20189285]]\n",
    "LL:-5.592899"
   ]
  },
  {
   "cell_type": "code",
   "execution_count": 3,
   "metadata": {},
   "outputs": [
    {
     "ename": "SyntaxError",
     "evalue": "invalid syntax (<ipython-input-3-8f682da6fb3c>, line 2)",
     "output_type": "error",
     "traceback": [
      "\u001b[1;36m  File \u001b[1;32m\"<ipython-input-3-8f682da6fb3c>\"\u001b[1;36m, line \u001b[1;32m2\u001b[0m\n\u001b[1;33m    X: [[0.63649418 0.92664656 0.70821465 0.402903  ]\u001b[0m\n\u001b[1;37m                             ^\u001b[0m\n\u001b[1;31mSyntaxError\u001b[0m\u001b[1;31m:\u001b[0m invalid syntax\n"
     ]
    }
   ],
   "source": [
    "#E step\n",
    "X: [[0.63649418 0.92664656 0.70821465 0.402903  ]\n",
    " [0.0738235  0.26061622 0.85274809 0.73527729]\n",
    " [0.21460647 0.94754963 0.30889091 0.57032939]\n",
    " [0.35150434 0.24698458 0.01507458 0.71734292]\n",
    " [0.35897047 0.15008377 0.70335051 0.77662674]\n",
    " [0.11803176 0.66770512 0.75231315 0.85068762]\n",
    " [0.30845618 0.80839267 0.11464879 0.7412916 ]\n",
    " [0.65974604 0.94130724 0.05675295 0.96038432]\n",
    " [0.9930837  0.59372575 0.64380868 0.532873  ]\n",
    " [0.97627634 0.08611227 0.07805942 0.05297772]\n",
    " [0.11769325 0.46015802 0.9044821  0.72953502]\n",
    " [0.5121244  0.58291749 0.17971758 0.23622563]\n",
    " [0.97623255 0.89878946 0.52557671 0.10805806]\n",
    " [0.00409466 0.17983975 0.98019226 0.65695219]]\n",
    "K: 6\n",
    "Mu: [[0.21460647 0.94754963 0.30889091 0.57032939]\n",
    " [0.00409466 0.17983975 0.98019226 0.65695219]\n",
    " [0.97627634 0.08611227 0.07805942 0.05297772]\n",
    " [0.0738235  0.26061622 0.85274809 0.73527729]\n",
    " [0.9930837  0.59372575 0.64380868 0.532873  ]\n",
    " [0.63649418 0.92664656 0.70821465 0.402903  ]]\n",
    "Var: [0.15936807 0.24571518 0.33302    0.19525902 0.17944146 0.16193295]\n",
    "P: [0.16751174 0.15807981 0.16535971 0.13558985 0.16033813 0.21312077]\n",
    "Output:\n",
    "post:[[0.15520011 0.02087014 0.01475682 0.026899   0.17945639 0.60281755]\n",
    " [0.06927472 0.33079421 0.01145753 0.48126989 0.03709245 0.0701112 ]\n",
    " [0.62538204 0.02691628 0.01199409 0.04186942 0.04485266 0.24898551]\n",
    " [0.34667696 0.11041003 0.14918371 0.17634222 0.12475286 0.09263422]\n",
    " [0.07038433 0.26223713 0.03304341 0.41059927 0.12285116 0.1008847 ]\n",
    " [0.27701728 0.17172106 0.0075676  0.28588225 0.05561101 0.2022008 ]\n",
    " [0.6585829  0.02803105 0.02299857 0.04777197 0.0648328  0.17778271]\n",
    " [0.51586527 0.0140602  0.03559132 0.02239792 0.17201556 0.24006974]\n",
    " [0.04665677 0.01947089 0.04437723 0.02480115 0.49880961 0.36588435]\n",
    " [0.01696666 0.01522768 0.66484669 0.01189926 0.23347785 0.05758185]\n",
    " [0.11728087 0.27025482 0.00916465 0.40355279 0.05291363 0.14683324]\n",
    " [0.33392416 0.03196357 0.10579024 0.04189153 0.17021445 0.31621604]\n",
    " [0.06580442 0.00668221 0.05728698 0.00607704 0.31383544 0.55031391]\n",
    " [0.0326467  0.39838342 0.00923077 0.49630098 0.0215276  0.04191053]]\n",
    "LL:-25.448246"
   ]
  },
  {
   "cell_type": "code",
   "execution_count": 4,
   "metadata": {},
   "outputs": [
    {
     "ename": "SyntaxError",
     "evalue": "invalid syntax (<ipython-input-4-1ca6ca619b6c>, line 2)",
     "output_type": "error",
     "traceback": [
      "\u001b[1;36m  File \u001b[1;32m\"<ipython-input-4-1ca6ca619b6c>\"\u001b[1;36m, line \u001b[1;32m2\u001b[0m\n\u001b[1;33m    Input:\u001b[0m\n\u001b[1;37m          ^\u001b[0m\n\u001b[1;31mSyntaxError\u001b[0m\u001b[1;31m:\u001b[0m invalid syntax\n"
     ]
    }
   ],
   "source": [
    "# M step\n",
    "Input:\n",
    "X: [[0.85794562 0.84725174]\n",
    " [0.6235637  0.38438171]\n",
    " [0.29753461 0.05671298]\n",
    " [0.27265629 0.47766512]\n",
    " [0.81216873 0.47997717]\n",
    " [0.3927848  0.83607876]\n",
    " [0.33739616 0.64817187]\n",
    " [0.36824154 0.95715516]\n",
    " [0.14035078 0.87008726]\n",
    " [0.47360805 0.80091075]\n",
    " [0.52047748 0.67887953]\n",
    " [0.72063265 0.58201979]\n",
    " [0.53737323 0.75861562]\n",
    " [0.10590761 0.47360042]\n",
    " [0.18633234 0.73691818]]\n",
    "K: 6\n",
    "post:[[0.15765074 0.20544344 0.17314824 0.15652173 0.12169798 0.18553787]\n",
    " [0.1094766  0.22310587 0.24109142 0.0959303  0.19807563 0.13232018]\n",
    " [0.22679645 0.36955206 0.02836173 0.03478709 0.00807236 0.33243031]\n",
    " [0.16670188 0.18637975 0.20964608 0.17120102 0.09886116 0.16721011]\n",
    " [0.04250305 0.22996176 0.05151538 0.33947585 0.18753121 0.14901275]\n",
    " [0.09799086 0.28677458 0.16895715 0.21054678 0.0069597  0.22877093]\n",
    " [0.16764519 0.16897033 0.25848053 0.18674186 0.09846462 0.11969746]\n",
    " [0.28655211 0.02473762 0.27387452 0.27546459 0.08641467 0.05295649]\n",
    " [0.11353057 0.13090863 0.20522811 0.15786368 0.35574052 0.03672849]\n",
    " [0.10510461 0.08116927 0.3286373  0.12745369 0.23464272 0.12299241]\n",
    " [0.09757735 0.06774952 0.40286261 0.08481828 0.1206645  0.22632773]\n",
    " [0.24899344 0.02944918 0.25413459 0.02914503 0.29614373 0.14213403]\n",
    " [0.35350682 0.21890411 0.26755234 0.01418274 0.10235276 0.04350123]\n",
    " [0.15555757 0.06236572 0.16703133 0.21760554 0.03369562 0.36374421]\n",
    " [0.1917808  0.08982788 0.17710673 0.03179658 0.19494387 0.31454414]]\n",
    "Output:\n",
    "Mu: [[0.43216722 0.64675402]\n",
    " [0.46139681 0.57129172]\n",
    " [0.44658753 0.68978041]\n",
    " [0.44913747 0.66937822]\n",
    " [0.47080526 0.68008664]\n",
    " [0.40532311 0.57364425]]\n",
    "Var: [0.25 0.25 0.25 0.25 0.25 0.25]\n",
    "P: [0.1680912  0.15835331 0.21384187 0.14223565 0.14295074 0.17452722]"
   ]
  },
  {
   "cell_type": "code",
   "execution_count": 5,
   "metadata": {},
   "outputs": [
    {
     "ename": "SyntaxError",
     "evalue": "invalid syntax (<ipython-input-5-298f0a154940>, line 2)",
     "output_type": "error",
     "traceback": [
      "\u001b[1;36m  File \u001b[1;32m\"<ipython-input-5-298f0a154940>\"\u001b[1;36m, line \u001b[1;32m2\u001b[0m\n\u001b[1;33m    Input:\u001b[0m\n\u001b[1;37m          ^\u001b[0m\n\u001b[1;31mSyntaxError\u001b[0m\u001b[1;31m:\u001b[0m invalid syntax\n"
     ]
    }
   ],
   "source": [
    "# M Step\n",
    "Input:\n",
    "X: [[0.06389979 0.814142  ]\n",
    " [0.60999668 0.07967173]\n",
    " [0.66586948 0.73093922]\n",
    " [0.76196629 0.21660949]\n",
    " [0.54572641 0.89306868]\n",
    " [0.71936959 0.43536299]\n",
    " [0.83224858 0.26809405]\n",
    " [0.01698426 0.46114168]\n",
    " [0.29666966 0.9784116 ]\n",
    " [0.92333342 0.34691777]\n",
    " [0.30806456 0.53708287]]\n",
    "K: 9\n",
    "post:[[0.06722624 0.24857531 0.12506295 0.05839753 0.00468429 0.02303871\n",
    "  0.05250441 0.25242824 0.16808232]\n",
    " [0.18301837 0.07789438 0.07173966 0.1105768  0.11356752 0.15555407\n",
    "  0.19040288 0.07224483 0.0250015 ]\n",
    " [0.24016768 0.16413085 0.01168469 0.03192384 0.08193752 0.03825953\n",
    "  0.08463608 0.20494483 0.14231498]\n",
    " [0.10306391 0.08774283 0.06861483 0.20635756 0.14874974 0.19787259\n",
    "  0.11753512 0.01519095 0.05487247]\n",
    " [0.12044628 0.12717217 0.09384446 0.14520065 0.02463509 0.13270053\n",
    "  0.09899287 0.10284538 0.15416257]\n",
    " [0.14606047 0.14410453 0.02579761 0.07997638 0.12330831 0.15772493\n",
    "  0.06458472 0.15240223 0.10604082]\n",
    " [0.00186265 0.06537219 0.09732456 0.08322028 0.04772511 0.31985786\n",
    "  0.13515291 0.08838853 0.16109591]\n",
    " [0.11517172 0.12903029 0.15042062 0.13110435 0.02758643 0.11790906\n",
    "  0.14606937 0.09694747 0.08576069]\n",
    " [0.21364856 0.02957981 0.0108594  0.21324248 0.10885392 0.3273595\n",
    "  0.02256032 0.00988715 0.06400886]\n",
    " [0.16805576 0.07576514 0.00062761 0.14779211 0.12949231 0.10942217\n",
    "  0.09199123 0.12511981 0.15173387]\n",
    " [0.06077076 0.14815207 0.06916501 0.15459014 0.05335285 0.15386863\n",
    "  0.18926954 0.14961747 0.02121354]]\n",
    "Output:\n",
    "Mu: [[0.53960995 0.55789545]\n",
    " [0.45747392 0.56699802]\n",
    " [0.76196629 0.21660949]\n",
    " [0.51768477 0.52451284]\n",
    " [0.71936959 0.43536299]\n",
    " [0.56083452 0.50195482]\n",
    " [0.52843981 0.43645536]\n",
    " [0.48326905 0.57038551]\n",
    " [0.55024194 0.57127014]]\n",
    "Var: [0.25 0.25 0.25 0.25 0.25 0.25 0.25 0.25 0.25]\n",
    "P: [0.12904476 0.11795632 0.06592195 0.12385292 0.07853573 0.15759705\n",
    " 0.10851813 0.11545608 0.10311705]"
   ]
  },
  {
   "cell_type": "code",
   "execution_count": 6,
   "metadata": {},
   "outputs": [
    {
     "ename": "SyntaxError",
     "evalue": "invalid syntax (<ipython-input-6-5c9cdd8137d1>, line 2)",
     "output_type": "error",
     "traceback": [
      "\u001b[1;36m  File \u001b[1;32m\"<ipython-input-6-5c9cdd8137d1>\"\u001b[1;36m, line \u001b[1;32m2\u001b[0m\n\u001b[1;33m    X: [[0.85794562 0.84725174]\u001b[0m\n\u001b[1;37m                             ^\u001b[0m\n\u001b[1;31mSyntaxError\u001b[0m\u001b[1;31m:\u001b[0m invalid syntax\n"
     ]
    }
   ],
   "source": [
    "# fill matrix\n",
    "X: [[0.85794562 0.84725174]\n",
    " [0.6235637  0.38438171]\n",
    " [0.29753461 0.05671298]\n",
    " [0.         0.47766512]\n",
    " [0.         0.        ]\n",
    " [0.3927848  0.        ]\n",
    " [0.         0.64817187]\n",
    " [0.36824154 0.        ]\n",
    " [0.         0.87008726]\n",
    " [0.47360805 0.        ]\n",
    " [0.         0.        ]\n",
    " [0.         0.        ]\n",
    " [0.53737323 0.75861562]\n",
    " [0.10590761 0.        ]\n",
    " [0.18633234 0.        ]]\n",
    "K: 6\n",
    "Mu: [[0.6235637  0.38438171]\n",
    " [0.3927848  0.        ]\n",
    " [0.         0.        ]\n",
    " [0.         0.87008726]\n",
    " [0.36824154 0.        ]\n",
    " [0.10590761 0.        ]]\n",
    "Var: [0.16865269 0.14023295 0.1637321  0.3077471  0.13718238 0.14220473]\n",
    "P: [0.1680912  0.15835331 0.21384187 0.14223565 0.14295074 0.17452722]\n",
    "Output:\n",
    "X_pred:[[0.85794562 0.84725174]\n",
    " [0.6235637  0.38438171]\n",
    " [0.29753461 0.05671298]\n",
    " [0.28510109 0.47766512]\n",
    " [0.23813851 0.18836861]\n",
    " [0.3927848  0.15145129]\n",
    " [0.28675542 0.64817187]\n",
    " [0.36824154 0.14957025]\n",
    " [0.2518095  0.87008726]\n",
    " [0.47360805 0.15911262]\n",
    " [0.23813851 0.18836861]\n",
    " [0.23813851 0.18836861]\n",
    " [0.53737323 0.75861562]\n",
    " [0.10590761 0.14322076]\n",
    " [0.18633234 0.14239418]]"
   ]
  },
  {
   "cell_type": "code",
   "execution_count": null,
   "metadata": {},
   "outputs": [],
   "source": []
  }
 ],
 "metadata": {
  "kernelspec": {
   "display_name": "Python 3",
   "language": "python",
   "name": "python3"
  },
  "language_info": {
   "codemirror_mode": {
    "name": "ipython",
    "version": 3
   },
   "file_extension": ".py",
   "mimetype": "text/x-python",
   "name": "python",
   "nbconvert_exporter": "python",
   "pygments_lexer": "ipython3",
   "version": "3.6.5"
  }
 },
 "nbformat": 4,
 "nbformat_minor": 2
}
